CEID	AREA	ABA_LIMITER_COUNT_3DAYS	ABA_PERCENT_FLAGED_3DAYS	ABA_LIMITER_COUNT_7DAYS	ABA_PERCENT_FLAGED_7DAYS	ABA_LIMITER_COUNT_14DAYS	ABA_PERCENT_FLAGED_14DAYS	ABA_LIMITER_COUNT_21DAYS	ABA_PERCENT_FLAGED_21DAYS	ABA_LIMITER_COUNT_28DAYS	ABA_PERCENT_FLAGED_28DAYS	ABA_LIMITER_COUNT_35DAYS	ABA_PERCENT_FLAGED_35DAYS	ABA_LIMITER_COUNT_42DAYS	ABA_PERCENT_FLAGED_42DAYS	ABA_LIMITER_COUNT_49DAYS	ABA_PERCENT_FLAGED_49DAYS	ABA_LIMITER_COUNT_56DAYS	ABA_PERCENT_FLAGED_56DAYS	ABA_LIMITER_COUNT_63DAYS	ABA_PERCENT_FLAGED_63DAYS	ABA_LIMITER_COUNT_70DAYS	ABA_PERCENT_FLAGED_70DAYS	ABA_LIMITER_COUNT_77DAYS	ABA_PERCENT_FLAGED_77DAYS	ABA_LIMITER_COUNT_84DAYS	ABA_PERCENT_FLAGED_84DAYS	ABA_LIMITER_COUNT_91DAYS	ABA_PERCENT_FLAGED_91DAYS
NMTnc	ANALYTICAL	0	0.0000	7	0.1628	12	0.1765	18	0.1748	20	0.1418	21	0.1160	21	0.1014	21	0.1014	21	0.1014	21	0.1014	21	0.1014	21	0.1014	21	0.1014	21	0.1014
CDOcu	DIELECTRICS	0	0.0000	0	0.0000	4	0.0588	4	0.0388	4	0.0284	4	0.0221	4	0.0193	4	0.0193	4	0.0193	4	0.0193	4	0.0193	4	0.0193	4	0.0193	4	0.0193
CDTco	DIELECTRICS	0	0.0000	0	0.0000	0	0.0000	22	0.2136	22	0.1560	29	0.1602	29	0.1401	29	0.1401	29	0.1401	29	0.1401	29	0.1401	29	0.1401	29	0.1401	29	0.1401
CDTgc	DIELECTRICS	0	0.0000	0	0.0000	0	0.0000	1	0.0097	12	0.0851	26	0.1436	26	0.1256	26	0.1256	26	0.1256	26	0.1256	26	0.1256	26	0.1256	26	0.1256	26	0.1256
CDTlo	DIELECTRICS	0	0.0000	0	0.0000	0	0.0000	20	0.1942	63	0.4468	100	0.5525	100	0.4831	100	0.4831	100	0.4831	100	0.4831	100	0.4831	100	0.4831	100	0.4831	100	0.4831
CVDgc	DIELECTRICS	14	0.7368	21	0.4884	22	0.3235	22	0.2136	32	0.2270	41	0.2265	47	0.2271	47	0.2271	47	0.2271	47	0.2271	47	0.2271	47	0.2271	47	0.2271	47	0.2271
CVDph	DIELECTRICS	0	0.0000	0	0.0000	0	0.0000	3	0.0291	37	0.2624	37	0.2044	37	0.1787	37	0.1787	37	0.1787	37	0.1787	37	0.1787	37	0.1787	37	0.1787	37	0.1787
DVDcr	DIELECTRICS	4	0.2105	4	0.0930	4	0.0588	4	0.0388	10	0.0709	10	0.0552	10	0.0483	10	0.0483	10	0.0483	10	0.0483	10	0.0483	10	0.0483	10	0.0483	10	0.0483
DVDnl	DIELECTRICS	0	0.0000	0	0.0000	1	0.0147	1	0.0097	41	0.2908	54	0.2983	77	0.3720	77	0.3720	77	0.3720	77	0.3720	77	0.3720	77	0.3720	77	0.3720	77	0.3720
DVDnn	DIELECTRICS	7	0.3684	7	0.1628	16	0.2353	41	0.3981	98	0.6950	98	0.5414	98	0.4734	98	0.4734	98	0.4734	98	0.4734	98	0.4734	98	0.4734	98	0.4734	98	0.4734
DVDxi	DIELECTRICS	1	0.0526	8	0.1860	8	0.1176	12	0.1165	24	0.1702	42	0.2320	73	0.3527	73	0.3527	73	0.3527	73	0.3527	73	0.3527	73	0.3527	73	0.3527	73	0.3527
